$ANSIBLE_VAULT;1.2;AES256;dev
38336536663866323737383333363237323062316433346531316232363738613766393334386339
6431663666366261346665313463393432613235373663320a383335373839663733636535363661
65613436663532656361633862313963356230363231356266653832643835616166623961313363
6438623666323062380a626362356538363031393762386165373132646461393363343262656366
39646335373463633966663865663436373866653933326364316462616130333333346264386539
63656534313735393265633031373266656230356436396332393432663263373931636432643332
64393331333461306636616437663335636361343361386363313134303936646433633532323462
63303761373934343030383735356533386165386134633835363130303336633262323931663761
63373564353130633562306465646565646232323632643131323666353633643363663339306663
30636132303963626639353831623333336361643631666664656236316164373830396238643766
37393233306365353865663765633630383064663634323634333961636435343930373030653036
31376134326665343963393261336133616161643861373964633731303331383935376532656439
66333235323530393762373131383036336535623434666639633236306533653566363530373035
6337313462346135663430366465613263383837366135323130
